69
69
69
40
40
40
69
40
40
40
40
40
40
40
40
40
40
83
83
83
84
85
85
85
85
85
85
85
85
85
85
85
84
85
85
85
85
85
85
85
85
85
85
85
85
85
85
84
84
84
84
84
85
85
84
85
85
84
84
85
85
85
85
85
85
85
85
85
85
85
85
116
118
118
116
118
119
120
120
120
120
120
120
120
120
120
120
120
120
120
120
120
120
120
120
120
120
120
119
120
120
120
120
120
120
119
119
119
120
120
119
119
119
119
127
127
127
127
128
128
127
127
127
128
128
128
128
128
128
127
128
127
128
127
128
127
128
127
128
127
127
127
127
128
128
128
128
128
127
127
127
127
128
127
128
128
127
128
127
127
128
128
128
128
127
128
128
128
128
128
127
